0.0 830.9944545696331
0.10037773282931492 819.1160994245087
0.20075546565862984 829.1563898756953
0.30113319848794473 837.9922585743712
0.4015109313172597 836.3882288589997
0.5018886641465746 852.3338655036115
0.6022663969758895 874.6922356523537
0.7026441298052044 881.810765330414
0.8030218626345194 881.0652594951861
0.9033995954638342 872.8572952185102
1.0037773282931493 860.3122101507985
1.104155061122464 854.6806741751233
1.204532793951779 875.2791638139979
1.3049105267810939 898.470092032828
1.4052882596104088 887.1514325478287
1.5056659924397238 869.9659808912971
1.6060437252690387 871.0617043386604
1.7064214580983534 869.1636743508654
1.8067991909276684 880.7548885102345
1.9071769237569833 885.9723251774111
2.0075546565862985 882.614256162449
2.107932389415613 889.2946975281135
2.208310122244928 887.3975748271096
2.3086878550742433 872.9458802350564
2.409065587903558 865.701139397369
2.509443320732873 869.7934612200395
2.6098210535621877 877.8549283770532
2.7101987863915027 891.0116252542566
2.8105765192208176 910.4597321535224
2.9109542520501326 919.7557146448337
3.0113319848794475 915.9457666258932
3.111709717708762 917.7439585999556
3.2120874505380774 924.3049745611228
3.3124651833673924 927.9667693842409
3.412842916196707 933.6795059193081
3.5132206490260223 944.7551167941276
3.6135983818553368 947.4695779247131
3.7139761146846517 953.5508221815195
3.8143538475139667 955.9718318598271
3.914731580343282 955.440251068473
4.015109313172597 954.5385172160668
4.1154870460019115 954.9060778527373
4.215864778831226 963.3692245694924
4.316242511660541 969.9779140969467
4.416620244489856 972.389108379091
4.516997977319171 974.7500433061808
4.617375710148487 979.8866355303453
4.717753442977801 984.0670866997939
4.818131175807116 986.7484918150113
4.918508908636431 989.416839777323
5.018886641465746 991.977231036342
5.119264374295061 994.4187427553189
5.2196421071243755 996.1332021308503
5.320019839953691 995.9148806278852
5.420397572783005 997.3400830211947
5.52077530561232 996.918154263788
5.621153038441635 997.1635307970464
5.721530771270951 997.5818794307825
5.821908504100265 998.0829465094655
5.92228623692958 998.7717655744135
6.022663969758895 998.9793832416485
6.12304170258821 998.7700076582353
6.223419435417524 998.5704364057531
6.32379716824684 999.2114510990564
6.424174901076155 999.6029752829669
6.524552633905469 999.7292198008505
6.624930366734785 1000.0
6.725308099564099 999.3268183096741
6.825685832393414 999.0279759614507
6.926063565222729 997.6598663370842
7.0264412980520445 996.3882995043456
7.126819030881359 996.7044069759215
