0.0 347.2249049417497
10.0 347.2208276960499
20.0 347.21670905628537
30.0 347.21254817332476
40.0 347.20834417163826
50.0 347.2040961481914
60.0 347.1998031712809
70.0 347.1954642793081
80.0 347.19107847948624
90.0 347.1866447464768
100.0 347.1821620209509
110.0 347.1776292080699
120.0 347.17304517588036
130.0 347.1684087536175
140.0 347.1637187299101
150.0 347.15897385088084
160.0 347.154172818134
170.0 347.1493142866226
180.0 347.14439686238666
190.0 347.13941910015217
200.0 347.13437950078134
210.0 347.12927650856216
220.0 347.12410850832543
230.0 347.11887382237603
240.0 347.1135707072231
250.0 347.108197350094
260.0 347.10275186521426
270.0 347.0972322898344
280.0 347.0916365799826
290.0 347.0859626059206
300.0 347.080208147277
310.0 347.0743708878306
320.0 347.06844840991255
330.0 347.06243818839465
340.0 347.05633758422465
350.0 347.0501438374685
360.0 347.04385405981304
370.0 347.0374652264783
380.0 347.03097416748284
390.0 347.02437755819875
400.0 347.0176719091257
410.0 347.01085355480603
420.0 347.00391864179227
430.0 346.9968631155674
440.0 346.9896827063087
450.0 346.9823729133677
460.0 346.9749289883269
470.0 346.967345916472
480.0 346.95961839650016
490.0 346.95174081825684
500.0 346.9437072382687
510.0 346.9355113528044
520.0 346.92714646815733
530.0 346.9186054678
540.0 346.9098807760053
550.0 346.90096431746997
560.0 346.89184747239943
570.0 346.8825210264292
580.0 346.872975114653
590.0 346.8631991589057
600.0 346.8531817973004
610.0 346.8429108048445
620.0 346.83237300374213
630.0 346.8215541617333
640.0 346.8104388765016
650.0 346.7990104437961
660.0 346.78725070643156
670.0 346.7751398807437
680.0 346.76265635633206
690.0 346.7497764640019
700.0 346.7364742056447
710.0 346.7227209383113
720.0 346.7084850028278
730.0 346.69373128484597
740.0 346.67842069301923
750.0 346.6625095347878
760.0 346.6459487646764
770.0 346.6286830725243
780.0 346.61064976891845
790.0 346.5917774111721
800.0 346.5719840938194
810.0 346.5511753002612
820.0 346.5292411730207
830.0 346.50605300295064
840.0 346.48145865285113
850.0 346.45527650216377
860.0 346.4272872993468
870.0 346.3972229895383
880.0 346.3647510611954
890.0 346.3294520654375
900.0 346.2907863903385
910.0 346.24804346953977
920.0 346.20026094937015
930.0 346.1460895958659
940.0 346.0835533577145
950.0 346.0095886868575
960.0 345.9190632458892
970.0 345.8023556542335
980.0 345.6378655424083
990.0 345.3566678389273
1000.0 343.0
